755
1949 20
24096 2883 63589 77607 21318 99686 29512 1416 52845 46254 98832 96757 99572 75188 82966 7767 41367 18968 71256 5658
4871 20
79041 83073 18945 58146 52743 98377 55914 12492 17164 2030 29616 68337 17652 50357 66996 42134 11543 920 72701 10014
8696 20
38304 78115 35619 3876 44776 94634 2284 82092 45104 82577 66416 89554 5076 24855 42488 86267 17085 65791 87902 77630
4705 17
33664 26982 27498 19051 28939 92431 58350 51664 37941 24661 29112 71928 15961 9691 66365 46654 95102
6550 19
97857 65313 33058 10051 49892 57286 11530 93066 16395 80912 97138 35700 7958 12759 57527 94970 31067 85050 63103
9772 16
70656 34725 39849 20394 90925 95372 63725 10639 10161 77264 45682 18994 1331 71956 12919 41179
2297 17
32352 48161 20451 19238 74118 54343 5511 42504 67018 70960 72402 26037 34902 98491 44219 6718 61759
7327 17
5377 85856 89861 10089 7209 72011 97546 2444 56397 66385 50738 23059 91892 80916 62968 69788 91198
8617 14
70208 58113 27336 65001 62826 89450 24555 12078 96366 73616 53656 80572 56222 27070
3953 18
66720 5704 78057 64680 8169 80813 51407 64015 95955 95826 11603 38261 28280 88667 19290 32155 15550 54495
53 11
67042 1061 42293 60488 45897 70968 61098 56156 2478 27198 19871
8384 20
67329 24067 37923 69826 79781 84933 54344 76168 89482 15212 71023 90223 45614 81966 27699 84313 34713 4986 67804 29310
1634 15
75776 18305 5282 2981 774 42058 48779 90605 57740 69902 36241 24468 87092 34392 15323
2610 20
25060 1382 65479 74761 71113 77032 52297 48745 48043 7820 53356 4174 66708 61304 49113 89240 10458 39325 30494 11071
8917 14
3456 10177 60134 61097 39083 6604 40941 32911 65614 14901 38007 18745 22365 42526
8149 10
46288 39297 11281 87508 59349 88199 42728 71560 16863 79950
6241 18
21600 12416 54471 88617 61451 86442 40462 66575 66639 42960 31889 48146 36531 25240 13562 74814 40351 98014
18 14
69057 35169 55842 52395 64396 74125 80302 29586 74997 75224 56601 73308 98878 52255
1864 14
78112 18625 34568 80808 35086 54703 46864 43957 94551 33943 52248 22717 96511 30623
5724 19
24578 13122 83428 89956 53478 4331 9003 12844 19536 91251 43701 3319 16663 21401 8025 64761 63547 93722 72830
1760 10
40929 82880 49620 46805 22422 58487 28953 39132 5901 14830
3428 20
49856 44929 612 47401 69864 88298 94797 87468 61709 49358 53296 71379 63123 28439 36727 97430 39161 51354 25787 56796
5523 19
36834 44354 64293 31078 67081 89131 48363 95018 20012 33580 82572 65454 37009 74547 40020 18711 80571 17531 31675
3938 12
83826 12180 75092 92820 38662 20791 43547 37595 70893 68684 59885 16110
7989 14
34694 46347 22925 12877 6800 95793 92114 4181 25304 46874 39418 31099 33147 86559
650 14
68353 88226 18275 60100 44740 78383 61008 78483 50898 26135 68345 4701 33694 59551
2380 12
42369 29106 37395 83028 6118 12664 90457 96137 11146 75099 65802 11550
8738 17
2052 33701 485 34438 20614 88550 36519 42857 69069 41936 89237 10840 1081 92795 68221 46844 47390
9255 14
33025 40739 17705 54473 10121 12490 29485 82545 1875 19731 80757 14871 87929 69499
9829 19
51779 11205 88487 86822 20136 56041 32779 83501 77453 70861 1070 21391 47730 47315 3990 97558 64120 75869 67231
198 13
37953 3333 36870 79943 40934 42091 9872 11316 19029 64023 86139 46140 38878
8530 20
2304 16064 5892 27044 87719 42760 98024 99723 53582 11503 59089 96213 32631 19448 22968 26138 20859 82458 81373 88957
2359 15
60259 12451 9508 20678 30503 52615 63497 19053 78319 55889 14067 85810 28632 83803 98686
4193 12
51587 34675 24403 16068 8596 49397 58278 82470 52011 97482 29869 99564
5134 15
41345 77120 41570 97031 6727 98153 93992 62796 97582 79664 10421 91032 73307 68890 78271
111 14
20320 45472 55457 79430 38153 70445 78382 40466 61427 15253 1559 8792 1692 97759
6897 19
87937 71074 6564 54084 28038 10856 83304 56907 95402 14860 14925 73295 37550 75602 54263 48793 3932 16476 43423
1023 14
89160 43370 97098 10828 94739 97587 55186 30515 85591 61112 27354 9084 83452 99039
4758 19
74497 2051 99010 71749 47525 24709 4552 61417 41803 94218 54287 91216 63986 33654 23928 92408 84347 26076 2686
7281 18
39968 3009 33026 12771 27077 26693 4425 8971 15340 53518 88047 35664 74003 20628 64213 87511 83800 92440
8691 20
55714 18437 50247 33992 46058 15371 55052 78477 35565 80049 11153 1012 85175 15480 20152 87419 78715 29434 59290 48126
9092 14
14305 39395 61446 33002 14736 70866 56179 59636 52279 83350 4727 27133 43902 50047
122 10
37843 78834 70053 47800 12344 13385 98090 89613 22078 55902
1045 20
87873 77344 90560 63622 29992 38313 95978 54028 91949 41485 43439 17105 44114 20595 39892 20566 49560 56316 21886 25087
1161 11
35684 41509 57095 6615 24904 47289 45754 50715 83258 17614 31630
2006 13
96323 94498 36998 42790 75657 16873 96719 42447 79411 27157 20664 3964 88446
7305 11
80227 23444 89141 17735 16103 31000 27769 569 41276 95997 71052
9447 20
38593 673 61857 14339 70663 38150 76262 63821 90735 89681 38320 34612 76725 33653 42871 410 98621 38493 20351 83518
627 20
6016 60226 60962 47618 17668 39432 41993 20137 52170 74570 92874 76493 18989 38799 49106 61874 94802 13907 46427 75802
2346 11
3616 75265 90784 22001 2355 38852 90132 33916 62638 23022 5214
8279 11
24737 73237 63029 32039 82502 63624 43322 79437 11213 98543 96414
8490 14
70466 82276 72199 52199 1738 6575 11887 50163 75442 6067 5462 48919 74268 12447
8728 18
71936 50050 35203 74978 18116 81479 15654 74374 35881 72584 73194 33260 32405 10134 87702 65433 69082 56671
6754 12
60674 54195 57188 9716 47046 69574 38055 6136 48874 73946 64971 16462
8758 16
17985 57507 18403 5445 60299 36492 95727 45583 74958 51760 66675 68057 88026 49244 13373 24925
9128 17
90595 20291 22056 6763 14032 88368 41170 77778 48531 66290 6199 59735 26264 56152 43449 76763 76510
9566 10
60741 44518 3302 76358 57624 65721 48216 85657 41865 52477
2732 14
55683 48868 58308 12612 45352 96872 30026 17453 61549 34513 98643 60437 32601 16158
2882 12
6626 34082 130 83698 16292 65860 78934 7897 54090 48828 24478 34255
4460 17
51201 56836 12804 54694 21702 36327 43208 69675 35789 25169 82131 76084 96436 95798 98425 42973 8319
8791 19
91907 68515 7524 86695 67079 70762 40812 32205 89708 95022 27407 10195 58323 99958 73654 77912 5851 7772 55805
1549 11
39536 25013 47431 52007 78457 36648 92602 98461 5245 61854 52239
7491 18
43424 48935 24104 70505 60681 25513 39338 29611 6316 67568 32661 14389 89044 69142 21049 8221 75423 39743
7819 20
88097 32704 39170 20549 21414 42215 89224 37514 58796 86604 53006 45905 8183 1367 47416 58040 86747 85469 60221 71839
9927 12
30544 62049 62499 15046 87095 79254 79480 25242 6861 75180 74206 6495
177 17
58466 38787 79625 41033 32108 45612 86060 63728 722 56212 58838 24856 68856 859 74013 95196 56541
349 20
55168 71808 10212 93253 73350 64201 17897 45706 56492 83215 97265 87536 49971 20469 18167 59352 39545 92378 34171 99807
806 13
93536 77280 81762 68168 61355 43249 71891 43442 59283 91541 2074 25022 82846
6644 20
10816 34688 62465 5281 47332 89990 34217 67532 43182 79918 87633 73905 91504 32722 2164 60249 39066 35676 52990 59710
7791 18
87331 75810 35109 23942 49959 81321 27113 48237 26638 84014 41427 81874 54133 87958 91641 32187 93181 83007
479 12
31568 77731 13011 95650 15780 95716 98692 90023 9176 15992 65438 4191
5348 18
6144 21795 30371 37958 16521 43951 63951 44592 30289 27669 22038 2519 60666 9820 75228 70428 92159 42335
5771 19
75809 54432 33122 33987 86501 28069 93188 66534 99914 49265 24242 59863 93974 61655 1209 72219 79899 64988 3612
5804 17
68128 90819 99751 8102 8105 22763 41712 62289 91571 4467 94485 51893 62136 48473 34521 30618 5917
8887 18
89506 63045 69321 87881 45450 67211 42539 26988 50060 6956 12560 41297 19827 73556 74971 19482 96383 80223
1004 12
87426 71234 77426 7509 40950 24346 70011 71759 99535 2399 62479 19231
2863 9
19056 30562 11046 855 72313 58684 99870 70638 51663
4059 10
95569 12229 50230 62569 88056 36425 86716 19054 3166 23918
6871 20
13601 39044 40071 16615 87851 59306 47629 21581 59246 67662 74736 42836 36149 74615 599 12282 31515 66013 75548 80127
587 12
55872 56129 80208 53810 73207 95174 5159 14665 89899 9451 43069 79343
1559 13
48838 51878 13735 52328 21448 44809 83093 57844 49428 32310 94008 90715 91615
1800 12
81760 97417 88329 62440 24025 62554 37546 51532 39404 29997 31341 75484
5020 12
34753 70976 56306 84053 23908 61717 11335 28296 97385 72364 24078 71679
8181 19
29408 34337 74272 76450 23141 52171 59532 40430 45999 80560 37489 82963 56979 56597 83126 15098 7259 39996 49564
1653 18
93600 23427 94978 38343 13447 37098 57035 96842 91818 98634 28621 94606 85842 28629 29400 32573 28095 53375
4074 20
92803 95431 2184 87243 87114 75565 60749 7282 33235 66165 40629 31062 22232 95481 47160 87003 99133 71391 15039 39999
6063 20
85987 48962 9218 50947 5828 91877 67622 28199 67848 41516 96428 79788 54575 95598 9552 51504 1266 66962 78200 36058
7984 19
44930 96995 91557 40900 6981 98660 97991 56008 7690 27980 38861 57104 59248 78896 88120 83098 60574 57279 55615
115 10
15264 99249 55235 5443 60419 58775 50746 44635 76397 96238
399 11
86560 92949 44405 55849 72616 83483 36203 5660 59660 16700 58319
416 17
84065 34561 1508 96196 80870 97542 10280 58698 27052 82929 71411 57140 61397 78548 85782 19674 348
661 20
50977 15297 31489 66405 15973 49350 77606 48941 86001 87312 32402 55860 25973 5110 83190 44823 41272 9112 46618 26557
1448 14
14370 45379 97191 45990 61385 52876 95566 46160 53233 89811 88725 92889 88507 91418
2415 15
80257 27490 83554 74055 17257 17962 45738 4557 94287 86608 42484 46548 95638 36089 53402
2754 17
47424 69218 98693 64036 64840 63882 86571 81834 52108 71756 35310 64367 60594 65303 65435 51675 4700
3679 17
77953 15648 23169 33897 64846 43919 54193 20209 30290 49586 32628 39446 53944 91484 73820 73279 8895
5339 19
97317 57668 68007 82022 21895 74857 56296 8649 72427 93773 61805 57166 58639 42866 63380 40789 12125 11166 58878
6129 12
14224 60913 76567 10774 21030 43174 18743 65399 95606 88971 92605 85677
6202 14
3489 18657 92835 81666 26051 35878 88430 47571 70036 69527 32439 37978 87037 73534
7358 19
8226 65508 36550 81543 81897 46729 34122 88944 65619 67570 63957 59605 30585 45114 47834 46203 41726 34271 51487
7368 10
15296 18208 11093 14375 67270 91433 56298 83691 40763 10925
1283 17
29280 61184 78912 50561 43971 65797 38825 30634 89194 18667 96458 34956 21454 87663 18163 99157 9751
1296 11
88752 80466 84642 88340 19174 95303 95991 45191 28937 26826 9005
2143 12
98833 21511 86761 17145 18889 79592 87144 28330 34395 67372 21501 15678
3546 10
55536 92353 46114 46370 83879 46983 76616 55898 29226 84271
5707 18
88993 45800 73003 52522 85162 1421 64178 76052 77110 55450 29307 82908 49598 94206 46879 24447 69918 10591
7021 16
65056 71524 69638 39880 86633 66024 84776 34954 78444 93967 71094 58903 15673 14586 8126 19902
8005 19
75201 59779 50403 38757 63014 98798 43568 63729 44049 66483 54867 58998 80374 11769 22715 2171 69565 7518 71358
9855 20
60258 84226 79077 24583 64392 18568 56073 34698 31629 89198 94033 69233 2999 51479 83257 74200 55738 45533 14014 21342
9918 10
49584 31825 47523 14457 27484 83949 79933 71772 61821 63551
555 16
79265 26049 29929 83947 22635 28172 57518 52206 52560 11256 29340 67932 37310 13054 35007 81758
752 17
55619 30917 12133 81483 18064 26416 93744 31700 61302 70551 39254 43031 72792 91548 28446 16350 94303
1349 19
17539 8164 22375 56202 28366 75694 86640 94002 75381 50069 63894 11511 32056 19353 45850 82237 44508 42110 74174
4138 19
45568 17444 59332 97831 57000 55497 67693 92204 41421 6958 16048 96595 7028 68663 37046 57207 45495 74424 34073
5023 18
31201 5825 87136 54788 44869 50887 82184 13803 73933 85676 72850 75447 42712 90649 71227 57179 8667 66078
6441 16
88836 72742 32392 89384 69323 68267 34475 9868 48752 5683 2647 74361 78139 25434 30909 85948
7709 18
58854 88615 67654 53259 78733 23021 70512 6194 24499 37972 71892 56021 91415 17174 9816 99195 69407 80735
906 11
24241 2770 36627 44052 11604 60103 51287 46263 75208 73612 87150
1351 11
36129 47154 28930 19843 59813 89302 36187 91501 21165 2942 31055
1737 18
75169 10209 28258 75599 7055 38352 75184 18610 63090 35667 41108 74518 24216 1912 39513 7610 11483 96574
3124 14
79809 99456 24803 31431 11593 57835 99244 4303 42065 89360 7441 1683 88888 45851
3216 10
14944 81216 66583 74598 72361 79179 21563 9436 74588 20333
5064 16
31266 84578 904 55912 58186 45071 51920 56560 23729 76181 57941 65751 43448 1436 92927 36767
5263 17
83457 64389 805 34601 21385 73291 35600 63602 32725 27573 38744 36344 15260 90365 41725 37405 78398
6313 12
43265 93797 11942 71033 78987 31659 67578 55835 87162 82829 28797 40845
6772 13
68161 75938 88834 90050 86445 23500 62509 19919 24112 95671 45113 95512 46842
6997 16
87233 98688 40161 15745 19589 66150 17992 78792 89931 15852 72751 5905 87668 789 29304 28159
8226 18
64000 32452 42020 1636 39877 89734 32778 1389 63151 80110 55921 39729 23282 94548 97687 91670 62583 67199
9053 16
5280 55265 1638 60614 71014 16455 87880 47051 89802 76721 99762 85879 22199 62941 5886 40703
92 10
20672 87154 73669 42710 33545 37274 57354 9131 76538 23932
1427 11
87619 16915 36020 56741 86916 7576 82504 98986 8827 40047 75006
2144 12
7776 62673 39234 40437 36485 8888 65933 18220 83373 37470 2623 59023
2652 17
91425 65701 9734 65446 46407 65834 67212 81516 63502 76209 44178 48851 89908 31093 22805 15734 63606
2939 19
44832 21792 34818 43139 49061 11719 92297 48044 86735 94255 20079 38351 71221 60020 82135 45175 83578 58811 15294
2942 14
6497 23015 5417 19722 69898 73004 54930 98932 90045 39100 82493 86813 81564 25245
3612 10
74097 75570 12164 16598 22854 26970 15834 94125 60652 25134
4112 17
35584 20577 95395 88453 8516 46917 13957 8967 67144 30218 72854 65305 68058 572 49884 27645 7423
4330 11
52496 72368 60050 2290 87042 96715 71274 80442 97836 96206 6287
4439 18
54368 39744 6785 42593 30114 24579 65954 72389 11204 99588 40174 13903 91600 10386 9881 75771 20796 75100
4592 16
67041 94241 128 32609 22756 11984 2737 71248 22769 50130 73461 56565 62166 7033 66520 99838
5002 12
18834 10707 74901 4951 23352 79017 62072 62394 56284 31469 79583 26815
6338 18
28228 85867 14542 45550 99700 97460 87956 50679 60792 73241 3993 87196 90076 24605 12190 95615 84191 68607
6636 15
95361 60066 71874 47875 997 97223 34089 54092 5454 75695 47982 32592 42641 1816 88953
6953 16
29728 13413 46501 44169 52169 4460 6931 46259 54548 40597 84887 2391 71259 66523 67642 45821
6979 19
3425 41474 93347 57859 41412 40294 18600 15498 89839 32591 71246 43631 76206 30325 25493 71799 22906 21211 8991
7360 9
48561 99682 42389 50678 11512 26904 93449 23450 33085
7511 14
76480 59683 75046 61640 86698 56141 71537 8434 77109 33910 60278 16503 7833 31358
8050 16
63265 78373 18693 3975 36105 37194 42059 813 68239 24179 63540 12728 70363 93694 39647 50751
8109 12
23360 34450 52339 31540 36052 75268 66840 42969 59017 10811 42782 5407
8283 17
81890 93762 69572 21288 52552 34666 91275 778 75951 29584 84177 77395 94482 75797 96375 93624 13885
8795 17
75616 7588 35653 33606 47816 81608 72714 34827 89427 19282 20115 24629 36151 51607 30617 31898 7515
9367 15
31744 32324 36361 69960 65640 94991 23025 43507 19891 49908 55924 49525 10106 90301 82428
81 11
40496 50496 83633 84897 44840 46586 31915 50891 10508 36541 13133
462 16
96865 88288 12322 45164 65678 76817 73681 31505 36722 29109 72407 11995 82077 92412 36094 84319
917 10
29121 38274 44084 33126 85545 3449 60729 97211 99771 59516
1109 10
83089 61713 65141 74628 29735 38329 25962 14698 70282 78813
1195 13
34 79555 60713 61163 16525 81708 58034 9331 14934 99673 65784 67451 12925
1342 12
19315 86196 63941 57895 67961 34616 56297 6330 88043 14075 46270 74766
1348 16
90465 81953 41574 13098 19371 53262 73329 27379 58518 10838 9142 55706 56091 39422 90943 6111
1789 12
13792 84132 88868 69302 30775 77689 77289 20616 97752 39740 79708 20399
2312 16
49408 57537 13730 98469 81542 85350 68329 71048 36522 96364 91794 94581 28085 52696 13823 59775
2394 19
73569 36193 9796 6758 94214 12871 1998 34607 96142 25967 29201 95029 36757 63799 47576 83514 40639 43263 20575
2737 18
3905 80130 77444 78758 40330 46156 25708 13839 87118 1780 33748 78710 43703 31512 9560 64827 35484 3325
2919 18
832 22402 36354 35907 43173 92778 45296 22673 43217 2194 81202 86866 66105 37464 36953 54171 41339 26334
3091 14
86977 29249 30466 90370 37800 11278 33875 50612 64373 33403 78266 24479 8607 57247
3548 11
7620 69461 72581 85798 49240 40089 15037 98495 18494 62046 43615
4589 17
63137 16290 13094 57543 25544 68905 85547 15019 42443 35659 60847 37167 96657 7474 21652 65364 69690
4924 18
33792 6532 87012 44645 99110 13354 66797 48782 66609 59889 44115 93078 56151 71417 92541 66749 59614 21951
5107 9
90546 99782 42282 26124 89436 25261 71935 74495 16207
6213 17
63457 51875 58212 40932 82724 46054 72552 63817 94635 29136 77424 10865 13393 95472 9811 82901 29045
6342 18
56610 17891 92418 55491 14438 21926 15146 66637 78035 69395 9810 7859 72245 54197 82294 92024 83420 32670
6783 13
16770 51427 48392 33737 82698 57165 44717 2324 95095 38845 79679 67583 16383
7175 12
28784 14897 4082 96386 23413 28230 39305 68888 55577 66907 17709 75263
7193 18
57697 21857 81187 53826 39397 82055 28134 87526 69289 71752 59466 92266 88975 84847 59092 85721 45085 69087
8285 13
72167 93030 45320 51240 80043 57228 13554 34260 96181 15191 21592 77979 3807
8981 10
89217 68881 15079 52999 53912 92873 87611 73258 36381 11981
9100 15
14179 58793 26345 53450 79050 11852 67500 24333 1905 6610 41747 72373 40503 28665 48829
141 9
42032 84401 1616 33554 21027 11061 52135 61373 27534
220 18
69313 17440 48577 18369 19587 15813 80199 53737 90127 51537 79410 37332 27476 42679 16920 92984 58268 33342
751 16
15713 91075 70627 41058 59492 18471 5449 15151 15535 74094 59538 275 51453 29854 94239 33695
1229 14
8896 79616 89893 79141 11142 60936 69387 52749 63469 42863 90096 11794 50904 76472
1356 19
74656 73445 89796 61543 49706 7850 15920 83283 74453 63860 1718 13975 98328 77787 70779 57786 40507 52190 66975
2097 16
56512 84576 99396 71974 72902 70408 55915 30639 35119 19472 95184 36914 59220 58614 13950 4479
2469 9
57522 87765 67973 27590 9735 60170 44522 1645 87022
2786 13
53376 88803 72419 55427 38790 99560 15562 27246 7537 34993 25368 29626 10714
3245 13
17762 92454 13640 53768 59501 25424 12848 16529 23154 34803 38197 16918 44312
3631 12
59251 12851 30548 40965 34949 22869 90539 66266 86143 11774 67343 64207
3730 10
68549 54628 40837 69943 87049 71144 77932 53438 12766 86078
3794 10
77809 2033 73939 59590 9590 61049 64506 90603 67482 20429
3944 10
39648 64848 45395 340 72868 31687 71849 31866 20268 21773
5219 15
11650 27426 30980 50308 86054 89641 94762 22188 2318 68110 15058 48243 65749 22397 90846
5311 18
85283 71301 81510 82953 37385 47594 26765 73422 41168 40337 88308 75001 56186 66267 31674 27 5980 52285
5569 13
54440 62797 17805 42224 64850 3796 49204 1429 34230 59384 9565 84254 83966
5853 17
86337 7334 46472 74376 40237 71022 98161 26098 78738 15189 95766 52055 51319 74745 35992 45690 69503
5912 16
58401 13665 55233 56772 15943 36075 96622 63121 4145 88435 99381 35156 14229 77245 17694 7871
6229 10
17584 10817 75827 61540 28422 24198 81657 8106 76302 14751
6253 18
43682 51490 56995 98882 25956 10342 77863 51496 71436 83025 9713 98355 96307 43797 51545 34810 66108 1822
6760 18
85057 55649 55458 65570 77028 1126 39307 84077 62767 76560 10514 44692 52244 950 92406 98616 18940 58782
7075 18
91201 17920 86304 27107 80133 37195 69741 71055 52111 66289 753 92755 2387 88983 92121 29624 99835 26973
7630 15
92006 60555 70287 37838 7311 79061 86198 47513 82939 20506 23548 58172 2334 64382 1471
8260 13
2337 8391 63560 59725 83122 81941 75316 92119 43255 87805 47005 35133 3518
8505 19
40259 86182 35399 62215 75626 99498 51950 64527 4848 68816 44883 68405 10869 91543 63958 82264 70781 80284 53693
9027 13
672 87363 16771 7881 7339 65839 80014 65327 58873 57018 66363 32154 33279
9316 15
78016 70147 19434 83085 33100 42636 85069 99852 47309 75727 5807 47249 37623 82906 23358
9486 17
25217 88324 85828 77993 96171 88042 144 81616 3667 29781 42294 1142 47863 50136 29916 13021 25214
9610 15
81281 8256 10310 61799 26024 72458 94445 73708 82028 15889 99410 46899 51124 59639 7226
9948 13
44866 15301 90758 60007 4624 83858 55894 24599 10231 7578 78907 23869 74943
350 11
16689 77936 39345 4757 2565 43238 34408 10810 28363 8204 55647
561 17
97761 53763 62468 85188 72772 8806 51720 97800 58923 25871 81332 74585 99897 95256 96955 51002 8987
794 10
74291 81411 94453 64596 9991 26937 19564 19740 14396 19230
973 14
91042 67173 60779 64268 18062 94639 50798 6862 56535 92793 46139 34780 92156 83999
1201 20
84256 99331 78818 91106 16196 28933 6471 26759 8585 33482 48464 4850 8851 33588 66837 58677 93111 63192 99899 34078
1642 12
28992 44640 33251 40340 60376 3529 39035 32091 27676 90029 60189 80174
1659 14
17025 55938 6279 75181 43695 35568 53843 60276 56181 66551 42808 76475 19804 50300
1967 13
92869 73638 40905 86026 58156 43534 33135 8369 40595 5236 44470 43927 26335
2044 20
34336 39554 64546 90947 73699 69029 59429 29958 92294 63723 89068 2766 63471 79761 71861 25945 69976 27066 7230 84863
2426 16
51424 29891 79815 57164 80268 62386 36818 47956 32695 15831 20121 6297 46011 26876 41980 83455
2457 10
91283 23508 58821 77001 55480 36987 24780 36205 73007 8334
2541 17
79040 43459 12038 19302 41831 73929 98796 29965 5197 96147 57554 14967 12444 25662 32094 54239 59039
2868 16
77889 13959 97707 93229 50956 62894 64559 58064 28241 97267 68021 13782 82584 26426 74618 16062
2904 10
19713 27446 91335 54135 42921 60058 94923 55723 31835 43181
2977 13
12353 51874 22277 2309 55942 3911 1255 59016 93384 5806 17198 15505 26975
2994 16
18592 89280 50273 1889 43842 28101 10665 92299 61227 42543 95636 48952 30713 63097 79064 8702
3148 14
20102 32967 23400 41864 87563 23660 36813 95340 47631 71769 48541 63389 21022 87166
3202 12
85328 14449 53811 34677 33477 77943 91975 22439 40153 40329 78302 62991
3993 15
43520 56292 63237 57768 47019 80554 89549 21837 22861 60365 50285 90129 58199 4313 92861
4277 16
21120 76576 59812 87780 41002 93834 43436 88908 76239 1840 43504 15890 46843 34590 50526 99806
4637 19
16353 58115 72198 59528 28299 89102 67409 96659 78679 36055 46712 63609 20123 50684 54237 26142 95262 48895 89342
4717 18
49956 65413 81351 12998 51880 56201 61195 26828 43891 67252 29078 79767 36568 68665 86264 61563 2654 28190
5810 13
78145 63360 21603 92677 74309 74884 28584 81225 51085 61998 86804 7993 78493
5851 20
12513 23556 87530 17291 30381 3982 95728 35601 50129 56563 21555 85653 16980 21719 21720 3163 99002 79965 8445 45502
6386 10
9874 71764 11094 59511 17594 2109 49757 22813 19711 67054
7010 13
50049 76992 84419 33506 36326 32844 88013 3374 73618 9494 76342 7866 6527
7038 15
80352 19777 70019 87874 11272 34793 16268 45102 74706 22970 61179 64379 3068 43484 99644
7104 18
14464 13281 72320 54403 80549 87687 11303 2984 50761 86511 6640 31313 52594 92978 61556 88759 71194 26014
7201 19
23777 98275 5891 76802 71365 17893 71207 22662 54759 46664 2668 1870 7886 33173 97303 95419 75421 38846 81726
7285 12
89313 11089 40018 26738 69891 24772 81492 63576 65547 73564 5389 83724
7308 14
40867 75913 31752 29482 48460 10896 67249 21713 56598 78871 24598 38808 11678 97823
7407 16
5091 56070 90246 75113 99915 84012 65910 58136 64217 46170 88573 18397 72956 71967 17054 41471
7494 12
36353 70468 85508 10663 79302 41288 10857 51017 76735 623 90878 4463
7555 11
31057 80645 98853 62262 49271 59433 9913 93960 33388 34991 28735
7731 18
72130 54980 74564 89097 6507 53230 36559 52336 3217 63158 32855 30295 4279 31608 19993 70586 71930 22107
7786 17
53760 1248 41312 79747 95619 25158 17896 49193 35502 30416 54098 28405 76788 39415 58615 98713 38905
7841 19
29602 92195 13603 73346 17413 59880 38953 18316 34294 32406 40280 91832 48987 47100 72893 29245 24318 53855 51679
7956 16
23650 99270 59305 8361 19498 11082 34990 83790 25103 89710 39793 76310 43098 86621 2365 91358
8124 18
77569 17381 24203 92010 96909 73964 9262 16017 42355 93906 91445 69653 74777 64953 43674 47515 60124 63901
8449 13
63841 8130 20646 1067 88496 45138 28274 80146 150 6551 79160 18333 14558
9061 9
97493 34454 36314 47228 40717 6237 97758 6623 14719
9097 16
68480 3683 16676 9544 70185 69480 3785 19818 66826 9902 96626 98423 85560 95707 94747 79677
9218 11
68963 35538 71906 50339 23172 41448 24201 89612 8590 70639 27311
29 18
68449 12708 97733 66311 77350 80009 50056 69361 23600 33042 68691 77682 80532 93750 33336 55674 99675 69534
156 11
54977 73296 1251 46885 20438 42859 47307 36043 13469 15885 65197
414 19
57632 35170 11876 134 4391 43849 12491 67594 61099 82540 72431 30257 3857 75477 55000 13209 58203 47195 78367
526 13
87714 69570 54307 2504 62761 29292 98157 9200 33586 1491 67485 33981 16735
667 12
65505 76211 84084 42870 6535 6328 1529 85898 49708 28636 37390 4430
1476 17
71712 36162 97603 57158 81097 1961 86219 67690 47921 72019 97715 67602 62389 80283 19419 75901 96318
1617 15
70432 29606 93865 3912 26184 29324 59984 91056 77589 91605 28758 90550 2333 19774 47934
1668 19
45921 55783 40392 71723 54122 21420 97548 44718 36335 88494 9362 58743 67446 46296 17657 80410 77181 24030 77215
2017 17
94563 74179 75426 14595 97604 76967 62087 67785 57327 17264 20243 59125 5622 29367 8443 3036 23740
2075 18
18433 99139 70852 68423 39879 39111 1448 18122 24782 49072 41424 86288 92693 38228 84055 69430 50393 4859
2110 13
1347 24868 91268 61289 33033 89707 39568 21009 51188 86964 26358 76856 34012
2339 17
69216 63521 676 82212 13989 95783 73062 93801 48621 98479 65811 16402 86162 88562 31604 84827 55998
2504 15
449 33155 24035 95592 22770 86931 370 67989 48916 7223 53082 83227 56410 70525 34013
2510 11
58544 51299 39652 68356 19813 94567 20151 88952 58393 70989 90510
2901 19
20707 19814 32616 12040 32970 13741 16397 21422 94766 55760 34002 6452 85111 58807 71126 67673 55482 25691 88634
3246 16
65952 89760 65762 87941 92785 78963 16692 57524 17430 85337 47320 56250 60922 76156 29981 64095
3277 18
32672 67204 23432 30216 18984 96648 60395 18635 94314 4816 68496 19826 39314 39191 13431 29145 15674 39549
3483 19
18848 82304 69536 11010 90279 51336 1098 909 87119 87024 42098 30642 37523 94901 94004 38455 88637 72828 91934
3720 15
19264 31747 47043 85826 63846 60814 84943 32015 35343 94835 39381 46806 73304 41114 11291
3854 18
34562 2245 6534 36681 23466 23882 28622 84046 76913 94929 20817 80787 32246 92790 55034 69562 27739 28893
3967 15
65345 16002 5029 82439 98150 89256 45867 81836 37839 9551 37267 58643 78743 78523 3934
3981 14
21890 11556 4900 29189 29157 34633 53195 51948 28564 24824 8408 47001 15513 16378
3991 18
49440 53412 18276 965 14661 76039 46311 13418 19820 84748 90156 59533 89303 63001 74394 60091 47613 14943
4284 18
55489 79590 72299 40266 33387 91306 79501 4492 39219 99442 95026 37144 74488 76024 20698 84059 94524 23103
4386 20
1441 41057 70149 55589 25605 2757 51559 58984 41768 8144 20278 51286 55159 76411 27770 81146 63486 50686 74910 53983
4563 15
77153 77888 50753 72835 13028 57610 9803 4685 89260 23443 33076 34839 98262 60440 90525
4645 12
95329 43472 63969 4785 8274 35526 81895 29448 23371 14428 98861 87740
4704 10
88817 26048 45187 79826 14343 66137 96939 46492 11965 47679
4709 15
5092 2950 48454 99015 21958 56521 47659 95146 99818 83375 32335 22896 2618 17018 23260
4847 12
81475 2851 15764 28196 86820 39814 85766 43770 18218 78893 16173 49101
5360 18
20416 73095 76585 33065 56937 91915 31018 43051 82605 59857 66546 18325 1845 20246 22487 56856 55642 69020
5390 18
76674 80485 37734 41223 98409 83944 96555 41258 46059 61675 75021 9937 91957 65140 32506 41659 1629 5053
5510 14
67104 66083 63147 69642 80974 45455 49426 61620 23029 64469 15448 35068 77436 78494
5532 16
99553 20449 84803 75618 77124 8841 4594 81458 36759 9624 76154 64219 70554 56444 45150 58431
5555 16
15588 21604 5128 40617 43114 72557 53231 41617 43089 88406 44824 77368 52666 26780 3773 48511
5687 15
40386 82885 12006 24711 99532 77519 93903 56915 20019 71188 11163 26971 1309 80350 16767
5789 17
16737 97026 54566 87405 78124 30447 15119 62416 69491 50132 34964 13429 5401 61402 347 31614 89758
5857 15
85184 76320 86694 6504 40680 32808 65193 72811 25390 99699 7444 67607 44471 94779 22716
6006 13
82593 86144 84040 24682 8714 80012 60527 44847 91153 22513 70357 47446 1566
6054 9
69265 4114 52082 61539 15284 19734 63110 4824 58795
6115 19
68866 30659 63877 15175 37543 1292 7852 63246 31377 28690 8724 74708 87223 20120 77082 83165 46716 25374 61183
6915 11
65488 39955 94434 71522 36036 42644 29988 5398 74797 85197 85422
6960 14
50433 19748 14405 67911 6247 69862 99689 36781 61486 71899 54459 72698 10844 82588
6976 19
89056 89120 26150 69510 32712 66507 92586 33516 56081 64849 2163 74902 80822 81336 97336 92699 97119 11231 34239
7078 17
18627 13571 51012 33797 64421 65959 94088 61642 2187 64525 29359 83541 73397 37913 43578 26141 74044
7179 17
58721 59713 45570 37668 47013 95940 68807 53577 46987 41291 22705 2258 41750 35544 22200 36250 38619
7839 19
56161 16484 25222 13704 33866 80364 60653 74508 33645 25682 99122 66130 53652 4628 94038 67734 24635 26812 99997
7937 18
81827 12068 97092 48614 3015 12807 48712 4329 74379 34861 32944 79984 78805 13847 50105 92731 7517 62239
8056 13
31110 87430 28167 17128 3561 24457 19817 45770 35890 63827 34361 96476 75487
8178 9
40436 53621 50677 9401 81080 45833 4923 96730 50605
8409 15
16772 30021 69191 10599 38887 65606 70955 38604 56398 86197 64630 98392 82810 59291 19868
8518 12
97315 56852 36836 48724 11461 22438 38231 92374 85977 97852 41806 1534
8648 15
5890 41666 92903 25704 61228 80463 81295 22446 31855 55376 85459 33752 40446 5663 15391
8792 9
19539 6357 70023 22102 20600 54232 38764 89532 70303
9423 13
12736 22882 45286 36838 73513 90895 29518 54992 23440 36085 49658 5340 87100
9460 13
22338 2404 27752 72555 87693 87181 19632 94677 60724 66906 10043 3868 43007
9833 11
14706 42595 13060 4580 29207 33929 60218 63306 69354 74124 74638
9985 19
352 46976 5474 71651 81477 18118 4521 94829 43277 57997 13262 39791 95315 86708 35989 44342 27065 31641 81469
61 14
26401 22628 26630 99911 91850 91434 30734 270 10448 81777 74641 38128 83635 4280
322 13
11553 22915 98762 47789 65870 37233 26229 72500 86071 24630 6746 96607 52127
458 15
50016 16259 28423 43977 56783 62355 45076 52949 48823 31129 80536 97306 11323 15900 30142
693 14
39490 30884 77061 70660 52967 24973 84908 66704 79029 66038 18233 38587 98204 32671
820 17
9376 8452 26664 30251 86250 83119 17999 81969 97361 82097 60338 44370 54419 27479 52153 44633 66360
1307 16
75297 77218 76167 23465 30185 54991 60016 48817 37105 24787 52535 86902 33850 72959 82495 46815
1397 18
56640 11232 18788 45733 50055 66665 1422 13136 36689 95221 62582 17529 14265 92248 80506 29597 83582 73566
1432 15
84417 71266 4996 67751 39239 44014 35888 1554 43667 696 74840 26297 63003 39998 92158
1777 13
77184 89216 18594 12267 43822 45486 96529 12658 45429 90073 13881 65113 93435
1970 11
71777 60864 17137 22341 49785 80411 92429 30317 13325 60718 35806
1973 16
68673 81346 27527 94537 96683 28074 50348 37676 89391 5102 94800 24433 55929 14394 28670 65534
2137 19
93795 46404 23621 26245 56775 75016 70379 23019 14704 70737 75376 88626 56949 64790 36726 44632 4572 24477 37854
2138 10
15015 37049 20154 43595 49068 4045 25805 59919 76670 1663
2200 11
15714 71186 57766 98647 46567 99833 48075 20587 88829 65165 85916
2250 14
52198 19243 68845 84817 70257 87671 95542 38008 10297 3417 3737 14779 54812 46943
2252 18
68416 48674 98116 43402 20491 28909 75086 61904 14864 94128 66032 45813 54837 12246 45591 5275 37181 98399
2440 12
48961 273 17250 38466 95859 36019 95621 32503 52280 44569 29022 51054
2548 18
79523 32195 33891 27691 57484 13294 75343 86674 4499 74100 52917 32726 86711 28728 45656 47803 84796 94111
2590 18
45635 34053 54953 70859 24522 58315 48875 66541 45069 97615 5742 42927 59603 90452 83513 37688 78111 81087
2738 10
90672 85669 29926 60345 87867 11467 51020 80013 79375 99070
2819 14
73219 84131 70051 37410 11173 84230 30728 43177 37738 43189 53398 94870 3543 66875
2848 14
65442 33192 74347 77165 83820 69102 58578 98293 28308 43702 28054 31963 94845 50366
2943 19
14627 42824 90985 56395 68429 48077 34734 11954 56722 89074 19155 8051 4916 38998 10040 36728 68857 61497 35038
3025 14
89152 25569 12837 75910 13068 78860 62511 16177 78581 14804 23992 33754 795 2813
3342 11
52081 72979 9122 39507 4931 96178 49654 65979 84123 9498 44990
3525 18
5122 33222 26248 80204 22992 9648 99793 11729 60690 53202 28338 89782 97816 90138 88124 72796 39839 54655
3550 14
60417 30761 74796 25997 36462 67059 9428 77749 61815 59389 44797 62814 38174 48062
3586 13
43105 66498 15365 44102 86665 57227 40780 5869 74127 69041 69328 71835 7837
3707 17
32128 38976 77984 73730 15299 69122 59239 36584 26731 57803 20909 816 10101 22587 13629 94335 766
3726 13
32226 19778 98339 64035 84645 4363 28561 64529 25619 36631 85115 60925 28990
3742 19
53473 90056 24138 19787 12235 57230 34927 45008 43408 70768 27890 38515 98741 93305 38617 39609 22010 40542 10046
3868 16
88866 15235 77797 14853 36551 35657 20585 48204 79373 78867 93556 71860 8246 15483 38492 45565
3876 15
61376 35264 80512 39365 61517 41615 32338 30773 83254 74294 82329 39322 60734 96222 68830
3907 10
33825 14146 27219 92245 58981 39237 34950 99279 45631 42943
4194 13
23520 13128 77193 16943 7184 56177 73906 54420 21300 66263 53815 19288 40861
4278 15
95136 25988 72711 84134 89993 4872 60842 25418 71948 71572 1017 20348 67135 86558 54399
4319 12
67521 83203 24612 7365 64662 92950 5288 31577 88250 49885 61789 28815
4496 12
2210 86869 54582 92646 94856 93963 95947 51627 53580 15628 65932 61278
4506 14
32001 93152 63107 88297 68459 98349 46480 7121 9268 38358 5368 69560 39993 48250
4535 18
77091 28322 25667 17603 30949 23752 96236 60973 4879 57008 28816 69520 81877 58582 59703 66425 36600 7516
4556 17
37414 33926 57800 43049 54089 45034 15115 972 76785 74165 64985 87866 64604 32157 91644 40510 36222
4614 13
11040 90052 80231 96201 89416 6797 76366 59414 38614 92694 4248 32798 44479
4618 15
44069 99623 73190 56330 62124 49356 95468 12430 39285 97876 78103 63734 18713 5242 86718
4631 19
43970 56132 9577 85608 489 80045 66446 49649 40434 6866 98260 80023 74390 80217 52408 12505 15196 63708 49982
4803 13
88996 42472 4008 38697 82890 10540 25838 93237 64724 88501 81947 54173 31486
4892 14
67747 23298 84002 91660 27342 62575 99600 41906 42322 53588 92278 11386 50779 67902
4893 12
96674 28005 77511 4774 93129 56984 37160 75560 30105 30989 45773 29853
4979 14
55331 9990 17766 82888 52458 69293 98510 34099 52596 37300 18678 5945 68539 57151
5065 19
20130 28614 71880 40458 69453 75917 62380 71471 99758 77520 63892 89812 6870 311 3096 32542 9950 99038 28703
5097 15
95489 60295 79915 20396 77137 96530 44628 61972 1141 68596 71511 22486 93115 78906 99934
5184 9
49202 50275 86390 84137 64904 16570 81290 52462 20590
5345 17
90912 24450 11138 94530 32964 95436 56301 31374 98257 15602 30131 62392 17624 36536 860 72349 89116
5635 17
21248 37473 61221 85062 25642 50090 23086 32143 71504 43377 60210 13394 57236 76916 86870 54205 72732
5805 12
42416 89107 42579 10948 11382 38167 60441 44922 17082 17515 26733 750
6025 16
83520 15234 60996 57798 32999 22120 69963 6027 55115 7756 10318 73040 30227 95640 79770 22909
6235 19
74048 85956 98310 27975 43368 16201 14188 2510 54675 89751 23126 20599 51514 89434 44347 33564 21213 10813 67868
6387 12
65040 36080 96352 96160 47331 98934 29687 16104 24505 85082 78762 15951
6493 10
82563 75107 92547 88148 17080 80393 24233 56683 95151 18975
6588 19
7618 98341 1988 37636 50826 49067 66794 38766 2159 75758 42352 19537 82960 88210 48982 50809 75995 60125 36766
6603 14
97381 72164 14793 33322 29803 4878 33966 78897 91856 32980 63190 59514 52475 55519
6698 18
78305 61763 20552 29418 57357 70031 52944 48976 49808 90165 78901 78708 48694 14519 48503 78589 76220 16542
6751 12
82752 6353 97696 3186 46146 57764 84948 92329 53945 9499 91002 53100
6916 12
11809 1234 99970 69602 50484 41285 30454 52775 28824 73880 70456 72127
7096 12
14081 74848 56709 74167 98137 59961 21657 11788 37822 51471 7263 70558
7261 11
42784 56593 69987 80930 9894 65000 1049 11531 44155 88509 78525
7293 14
49312 14667 70986 14763 39981 36429 44087 3704 13465 78972 73884 12574 57054 51647
7344 16
22816 66432 77088 26817 91488 10626 8712 81481 77416 12714 36586 3380 61206 90169 65945 46076
7438 20
50115 68645 60101 51686 35463 82920 92491 85581 76815 29776 39760 1137 42865 59314 74677 7093 89848 43162 50938 86426
7445 10
80625 84320 85554 15716 54006 19351 34472 33977 80365 15917
7582 19
69696 16226 57028 33158 20934 62470 47879 47593 84906 74381 1809 91952 37525 77684 29878 88057 82778 21340 48702
7645 15
11713 54916 98631 80297 16202 51951 28757 10327 74489 49720 5565 7549 33181 91775 38206
7914 13
59744 57089 46977 66882 97637 44292 16138 96940 49133 74671 81934 1456 21151
7995 14
30852 55364 78404 25285 19974 76518 5768 64041 95027 96627 7514 72285 74621 47295
8314 12
15104 56962 8642 41045 26183 3608 49592 68776 41770 13404 2974 63791
8628 14
72673 10086 58598 92518 63623 19720 47784 15373 25297 44180 70325 90841 78777 31738
8677 19
65537 61954 95939 27075 57476 86212 5765 11813 98603 87787 69066 84362 36527 59762 63444 54100 55736 70719 75934
9095 14
92928 3621 14246 17192 18313 20395 49484 72812 37934 75822 86290 93109 86613 12473
9108 14
97664 2947 87785 45545 67184 85237 69876 3767 21047 5784 44442 14044 10878 42463
9203 12
24592 27088 83264 8113 87616 71731 81842 91060 8470 67814 6905 38458
9294 17
42080 68640 7009 54341 37479 747 57516 16973 23597 57295 33522 97076 37909 48181 96726 89243 87581
9489 14
1669 19784 4490 56940 69838 91694 88497 38547 92402 18137 30649 45883 29598 45503
9540 10
15073 76067 64100 15348 22506 3354 40796 34381 99580 69550
9564 16
92259 65091 94564 69604 3879 56167 89514 36491 87438 4400 77329 38194 47827 39193 70424 32607
69 13
11810 52387 86023 84681 65739 51531 61389 5808 92147 24952 61912 68154 35067
72 19
52737 17698 89314 16099 12452 4102 91784 38635 4881 60433 46450 91093 78903 63639 11162 86298 48253 54942 59615
79 12
15601 17409 95827 81522 34003 20294 40712 5547 68010 3069 9743 92238
88 18
92257 13921 15842 16004 9925 64710 87879 95943 83687 26920 16584 8235 96717 83567 85299 30039 42841 71517
124 18
85089 95809 1761 15396 50535 73992 42217 72008 14060 24621 27245 14797 24050 15639 98554 22781 59965 19998
165 18
37089 6338 78531 28355 91426 76135 81958 78600 71402 57068 77356 33518 29967 77458 56855 70232 82111 88798
180 19
53633 35394 31588 79716 52970 3243 87213 98128 54866 72660 56086 97815 65750 57753 71005 84541 862 20863 75870
205 16
89409 35266 85922 64997 22789 17610 5036 81965 48013 36301 28752 38482 59987 66489 15899 54398
242 17
17280 70018 98978 86949 10820 43269 20744 395 48235 23468 89742 36153 19002 78106 189 45438 10942
370 17
94177 46210 68900 48966 21353 4267 32555 32684 29325 18799 12080 72080 99380 60985 63098 66522 96575
381 16
2754 17315 97925 13349 83622 7 41769 8747 78218 86835 26995 23543 40665 64923 75098 3837
490 12
53040 44257 737 5411 39605 10519 30696 104 97000 60348 88188 24207
520 13
41348 30948 34091 22444 19502 110 90702 13745 63571 24213 61116 81727 13982
694 11
56320 76704 49859 57748 58055 2487 62376 50489 55401 44731 42094
733 18
13284 49094 55817 65928 80266 79180 5837 27665 66261 92724 10133 95415 86454 83833 39705 92955 76251 67770
787 15
28770 58404 28454 22951 56648 65673 93804 26830 44816 68117 18196 14260 87547 28862 39007
829 10
57872 55346 87347 84083 11202 2020 79013 26965 64598 71741
832 18
98497 75680 76482 44419 29059 54441 1489 29746 4118 53142 4567 86392 85275 12923 17213 26078 3870 42719
868 18
55200 44131 48775 38056 50252 42156 19436 26508 52243 24532 17941 98580 89428 4022 71352 50525 20414 47902
918 11
26656 3345 92080 51025 67123 26806 12247 76152 50540 50606 48558
983 11
74032 22963 13684 8149 21861 23431 63719 80601 94891 42650 1403
1024 11
22368 52032 32114 20277 38759 58408 61721 82442 68426 24268 4972
1029 10
64097 79024 19794 90196 2582 52505 15258 7468 25966 55391
1154 19
33249 45281 89411 78403 38244 4517 76263 68390 94666 36558 82830 22384 93107 44725 21593 10939 87964 13341 33886
1164 14
13120 20004 42917 73124 97734 80553 72200 29232 62806 99830 99321 8251 73021 12671
1241 17
29536 32832 25953 6017 58465 34500 90313 31753 64170 86125 35438 33262 38480 47856 7283 99029 22364
1246 12
90353 20097 80211 93683 30500 98774 4487 54425 11177 51374 25166 80527
1331 14
82656 86946 59974 53581 38127 31281 25333 3541 81015 69818 59676 12924 69820 72124
1425 11
74273 61665 82434 74693 71125 41816 55771 44715 68541 90989 24556
1478 18
70272 94114 21990 29736 94760 44076 99281 59763 40915 95287 11030 81910 31959 16091 88154 56764 3165 16541
1488 12
1762 80258 22695 32887 37975 5672 39288 97224 94939 24347 14619 94462
1504 19
6788 36228 12996 33029 55493 25159 27272 73289 81801 95023 5201 60114 39026 76629 89495 48312 87612 53279 10783
1515 14
82275 3235 42788 61927 64359 86824 81455 77174 54137 25660 35100 17660 36317 74559
1596 15
30880 66979 76098 79620 11141 43430 19531 15116 2125 5745 99733 25014 29111 60540 75356
1679 13
90049 72933 91367 6282 57066 20174 51344 28976 96725 25432 19995 68538 89694
1682 10
64179 3620 15285 78983 30759 21978 53116 4814 67791 71806
1711 9
86544 87749 45685 15797 67380 15318 22263 27128 77518
1830 15
11233 99555 36419 49157 5094 84167 36071 87850 23345 19379 38070 67032 11193 26905 35453
1868 13
57376 96293 68996 26663 57160 62025 61130 31924 16181 50201 11514 7898 23550
1873 12
34416 87217 21409 89584 83314 92516 83188 29783 75354 96876 81407 14302
1883 18
34850 46341 93831 41480 53033 18921 87919 8527 12144 57105 67858 43476 55701 93686 87448 97496 54108 35036
1886 13
18501 23337 76267 56011 77196 32430 24943 19375 99025 16148 69917 90527 27423
1948 15
47299 21221 27621 85158 87494 39560 99273 80843 44912 55184 44627 21302 51547 90682 62011
1978 12
25345 76064 37793 46371 65957 14277 98454 39689 98923 26571 92074 38207
1984 9
33105 80178 12902 92038 33464 32744 60456 29613 41551
1985 17
85728 52897 17474 44967 21898 12654 21711 72046 53075 46771 21684 77460 79703 75766 50199 36762 61947
1989 12
70849 39893 80644 60870 97175 85142 24761 64154 61260 89037 51836 79182
1996 12
83088 73587 26562 67027 15683 69113 34632 40074 63868 24317 30382 33775
2119 15
59456 39745 84550 95209 27592 45675 4940 10162 40627 76818 88212 34485 93238 23288 12283
2161 11
29731 33316 60933 27813 42313 79403 8541 85231 77726 35535 54735
2244 9
1072 2579 86802 41287 67510 13962 52907 30155 64479
2276 15
49600 59168 75298 28198 80809 39529 83080 50057 40974 88880 16594 43859 22235 60061 53887
2497 15
33888 81091 90565 66535 86828 65230 89009 41298 10644 2357 95546 11387 17597 30941 80191
2567 15
8448 72801 30691 71812 20741 48742 96810 47761 96368 18612 63381 17752 36475 15997 72348
2595 20
74434 6211 37988 43589 58789 56102 7402 85163 47277 20237 65394 32210 24051 53077 14294 21527 68600 89403 4574 99774
2608 19
36770 54180 17701 80164 37863 34119 46504 54120 36745 49034 63594 79658 99212 94767 11918 70583 54742 56123 86940
2651 16
87520 33345 98402 66504 7277 303 34930 6709 84919 90615 87639 51735 35995 15485 69343 89695
2722 13
91360 75712 22626 91586 30535 85352 68648 63596 63545 75932 98911 58239 2495
2783 15
50528 56288 42792 95945 7560 52842 23568 71281 76368 59093 93047 441 14714 38236 17055
2830 19
2816 27169 11521 17347 93477 81508 65030 2023 85802 66058 22923 69904 73779 24754 62515 3571 43765 50999 52506
2881 11
25536 96993 76033 20498 13893 90360 43130 17468 80716 5967 92110
2890 11
58129 58257 59460 53382 55383 58072 8520 4120 60955 64427 87869
2928 15
84448 83392 47749 57257 77931 63149 67282 16309 82132 31414 15036 18109 12157 97630 16159
2973 17
98433 34945 14497 27393 69762 12163 33642 75883 48717 61101 78862 37616 18578 25017 14362 33853 34494
2976 10
71809 67248 69552 78019 74210 96358 90825 92701 57087 38303
2986 12
5536 36128 9746 14964 42996 75541 18884 79125 10776 94600 90172 6110
2998 15
31009 95424 41318 26729 14986 54540 88364 12141 59790 26160 31381 42006 71448 16572 13822
3134 16
24736 57795 34373 85767 51206 79014 48041 57609 66699 78031 76719 76660 85527 67351 96407 34939
3229 15
74019 65445 25510 9100 99601 43248 76434 60149 35511 45433 45081 43290 14939 10429 96380
3267 16
6432 34595 74437 31974 74502 30344 16456 61801 19951 32751 91120 37906 31347 54747 21116 39327
3318 12
76786 32281 45513 69979 15194 22250 58059 43084 94732 1598 61006 80271
3413 10
56065 82597 80404 23259 46956 93981 11789 7166 14911 70750
3552 16
12167 15879 43720 68779 42 31819 58989 85967 46670 39157 53591 64890 69434 89918 4127 77022
3553 10
50288 5665 85269 77845 10148 34662 64438 18201 56077 17902
3568 14
34112 1417 38570 9324 37582 3120 15600 66803 99956 5430 40438 38169 31134 20511
3593 12
54417 56321 34994 43298 63730 4356 28053 93767 86790 67321 25849 97806
3597 16
30212 43268 76133 10118 95110 90342 73670 37962 59146 44464 15572 11413 55285 84345 26650 12667
3698 10
3504 24081 18098 32386 64709 8503 32312 68347 29770 91786
3719 16
80832 23489 89283 47367 98025 37449 74216 38987 81004 97039 7953 41713 26483 90708 34807 94938
3729 11
92769 83971 95081 62809 2650 91787 52186 45274 11564 15581 25485
3737 15
34756 59688 84845 59149 85327 21489 12565 43158 47737 88312 12217 43515 49181 68991 21407
3764 18
84960 4642 33508 6181 56429 85103 69583 69806 86064 6290 89748 60695 26712 76664 75741 71135 51167 95518
3837 17
25504 1730 81538 48163 77605 76390 64520 91342 27601 52789 64117 98230 77213 62685 89564 22974 9470
3852 16
77060 48069 77869 40172 9965 30191 74830 72242 53683 15380 60599 58777 78232 187 83839 38591
3877 13
73025 99715 99109 71269 10917 78695 63049 93138 56436 49300 51413 15317 96445
3919 11
1184 89941 40245 56056 94347 15819 69802 21917 4461 90734 66590
3932 13
70752 82149 76902 49927 50601 56522 80363 77422 64017 2929 59960 35609 29211
3999 13
77440 68419 51204 65489 34483 56661 3733 22678 97302 13657 87352 98584 12382
4037 15
47427 79528 57868 36940 37484 15345 14868 98773 56820 90516 54646 25943 84441 81436 10238
4038 13
8676 95365 46822 42184 81515 28298 75852 46611 42005 49080 53368 55901 52765
4065 14
6561 90021 59940 44996 86029 18030 16624 43537 69141 9496 50234 69244 99292 33951
4072 13
72640 68899 24964 20232 40813 49199 82737 79313 82192 66899 45975 79547 27998
4084 12
80992 22613 7800 41848 47224 43610 63578 68634 28011 684 37389 28414
4101 12
37650 30611 58277 16166 65510 92118 8983 840 97993 2013 65631 39838
4154 12
89968 3619 66068 63752 2105 35994 26091 59035 50924 51548 32941 1117
4251 10
95377 61616 46481 49793 41937 16994 93029 80598 60970 7613
4252 18
41155 62340 51077 28200 73224 86957 19213 6511 73169 87121 26067 92372 34069 72729 73659 48475 69466 58654
4380 16
61185 21474 20263 5229 66833 44273 45042 42963 18963 20565 52213 93492 46072 11324 38621 43103
4395 18
68609 84928 90725 12772 78663 14023 91851 48010 66605 97933 19596 82899 93942 93784 9978 91034 69050 77725
4397 16
41856 18659 78149 70596 62566 27853 5263 22832 47282 58227 88370 61075 1045 57816 10042 63839
4457 13
52833 72866 29127 72070 74825 89928 43625 10762 13166 39188 89588 87383 29944
4473 19
95684 51623 53865 18569 6122 42415 49167 80782 81713 91984 73746 50259 26005 50710 43064 71325 77021 4317 23389
4626 16
43299 31619 55430 5799 47208 40041 5871 59185 61425 93171 47575 27547 76669 72668 41373 12639
4813 19
80961 56513 53605 40613 46409 70504 80938 94508 61968 92336 1619 33141 81110 48889 79227 4381 44893 4925 33887
5091 16
28866 21570 69124 25414 57384 8330 12683 10382 44496 39856 28304 89906 38037 31388 79615 88734
5100 16
736 8513 3203 46790 81289 90513 3664 88881 75251 32501 57302 3095 70299 65914 96189 63229
5117 16
6466 47619 8709 18535 81352 57577 24745 96074 3822 99375 99343 84432 23603 94198 4056 12315
5172 18
71104 5955 32583 52269 17102 8430 24432 57587 52564 78612 67828 6742 51447 40985 22553 57499 863 45727
5286 10
74002 33603 4117 22812 84511 47790 27086 94415 83647 60639
5357 14
28226 86499 15395 86311 41159 41964 30926 29070 2897 23666 49688 69433 14299 61566
5388 8
56049 16596 68884 22454 31625 47577 29262 6239
5397 16
25888 5699 77282 53189 54150 15078 73351 3816 94475 46379 53613 27789 53554 98963 71639 78555
5423 19
1409 70050 59012 95207 28551 1773 49455 16272 45970 94963 55156 9815 50200 21946 27803 31739 46430 35455 8351
5426 15
51907 5925 72585 72459 48107 19950 89167 80783 80817 45328 28081 75702 8856 94840 55517
5502 11
74739 77010 95575 44134 7192 86072 538 50235 31933 37230 59022
5513 13
53280 39013 87175 44137 56844 71501 87634 3443 85906 68500 58261 65210 49374
5551 19
2528 46752 53504 2017 42531 12935 16393 40140 29773 49872 25876 2612 96884 61909 35382 42489 99068 82686 69726
5558 16
80896 57283 43492 73892 8906 13453 55631 25135 52752 79856 23092 81428 69716 84504 98107 85980
5561 18
56036 83556 46088 88233 95691 66602 22956 62957 77839 45745 16694 63862 78902 60024 89336 19769 22333 86943
5565 19
70688 39586 56005 48934 29798 5639 3209 70730 51182 79310 72878 95217 64592 68023 77462 66873 4315 91866 14332
5589 13
59009 32515 59911 30920 16716 7436 18607 41680 99825 93461 63705 68026 8447
5604 18
83808 95456 98019 89538 88745 63689 26512 42354 9206 98615 83291 74267 75707 26363 60539 3229 21085 63423
5761 15
58848 51586 59747 70757 90886 82537 82127 13204 84117 17367 9465 22202 19707 7101 77951
5765 11
88576 4691 54227 66855 68457 21176 15756 86956 89199 6430 37791
5798 11
96481 48048 5857 44434 42982 23591 99945 41195 58620 17308 93871
5818 17
1281 98400 59170 51908 10087 91785 72617 66216 84011 14283 32589 35342 34960 70993 6644 40475 55359
5890 13
54564 51014 60359 74252 45170 59698 86418 38068 21303 6903 2906 87132 21789
5931 14
9728 27522 49252 96836 17093 33896 65322 49678 40080 25042 45909 99511 96216 44063
5933 10
95523 7410 80946 98996 67783 57640 73147 52059 56989 33213
5966 15
54755 83074 87237 19845 84774 49097 13419 32717 71086 27856 24337 31161 52220 68638 37855
6079 14
76709 49798 61223 22024 77000 26665 81771 15659 97034 49 16853 80276 10997 51612
6152 13
3713 71362 16806 5991 23049 33034 71306 94538 6315 75597 14160 24180 6747
6185 16
4259 39140 92901 81670 75533 10957 43886 1550 49168 13777 85140 64503 88182 26521 94908 53631
6212 13
5696 10024 14766 11374 52625 15924 28692 96981 62838 35386 29498 84445 35388
6215 18
45216 24129 94148 49415 4744 16553 14576 67089 94517 4949 29973 96662 56408 17113 23386 52762 2140 11421
6416 17
47968 20964 81253 52550 56390 10699 16620 99308 10158 66830 74318 5425 57172 90005 15413 92349 45119
6446 17
68545 46530 27618 99013 97353 53448 66792 68205 58291 78839 35735 98393 69144 36923 10142 83774 35871
6485 16
99457 26082 11652 97158 81129 95339 67371 86061 85135 67793 21521 32274 11795 49367 11608 76283
6517 13
68098 96553 82125 54157 56846 69713 94997 48405 47637 21435 99325 30237 15326
6623 17
49504 4384 31681 16614 31814 33766 96838 2855 60235 70799 42512 46320 89744 26996 2008 27997 25918
6779 16
23458 17379 47812 47364 24773 55496 32041 2282 64426 81514 97360 28854 96152 80698 41851 42236
6792 13
17248 2690 56258 74662 37289 28459 60785 29429 3160 7163 71996 5277 52189
6826 12
41184 49952 52131 56931 6581 75337 31516 45341 44766 46958 18798 17486
6885 11
6480 85859 66579 82690 37539 17732 5015 6488 57256 63259 55405
6893 16
95392 4230 6665 22537 69038 84211 25011 47187 22644 75829 95732 86137 80312 80059 96605 47292
6900 13
26881 31425 33507 84837 40778 70957 17678 49873 30226 65779 95188 61143 56122
6957 14
94880 32686 23121 69907 35443 16211 51669 93239 41944 8280 89883 4446 72670 97950
6966 11
94353 19073 31074 60597 5047 38473 90600 60828 15390 16670 910
6977 16
75975 99975 32393 71114 17293 70124 34286 70449 66128 97203 26326 1942 32183 48057 50143 99006
7007 13
45220 4710 13798 98729 80330 48876 52012 60591 1617 37396 51572 65628 97215
7025 10
19809 19506 33186 98482 52644 18708 52788 10805 5509 81812
7120 12
98211 78578 46518 86758 92811 19466 52987 81466 49243 32987 55580 84236
7124 17
66112 72194 54052 78852 15911 11559 47497 15534 63152 76659 50099 80820 84791 33815 84187 95164 43774
7143 13
90787 61091 20580 82181 4712 34953 81037 45165 71568 46194 55892 33208 35678
7148 14
71203 52707 3013 49863 50825 32426 48396 52590 51731 13913 4474 15901 71260 8543
7166 12
34912 49505 58833 35811 74754 43444 86148 59221 60261 99387 98138 20255
7205 8
23637 14711 83334 94841 94683 88876 43391 14607
7217 15
29793 73827 63234 10306 30053 43719 39816 90888 6572 52813 60144 81395 26071 50363 96348
7243 16
30369 60513 36003 92712 76394 27950 83823 77263 91025 41457 24818 43122 50324 42008 57434 50394
7259 15
14752 44513 40291 28997 70983 32807 65832 25195 28395 72463 40686 28376 5724 76989 76191
7294 17
74403 64804 23108 1412 9222 87816 12787 83381 21556 14773 83796 55349 14520 24763 79261 10973 92094
7363 9
40816 47600 2912 91931 30267 15437 41293 16559 80638
7424 17
40705 31399 35913 68365 32975 99761 15121 80275 21074 58581 93336 32507 37115 66877 99679 96478 79582
7442 12
88608 83475 88066 75666 43972 51910 60742 84007 31144 2411 18588 95694
7493 16
7072 79072 26660 85796 78279 90439 90060 83598 48977 85267 52915 87541 2100 99864 50461 93534
7512 19
13473 93792 26310 60390 63912 76456 74 45226 90572 76140 50160 2705 32530 88722 64757 35094 25400 64121 8122
7575 16
81317 57733 31529 11851 67566 60496 43121 56723 43509 53525 14517 66420 96630 80057 79454 99998
7611 11
31248 11570 38709 18521 30601 71784 56217 47914 77532 53390 72767
7624 11
6321 48802 27731 660 74820 40917 45974 67049 36908 49741 90492
7658 12
62112 25826 40645 16453 55638 47815 20970 31242 8891 48988 25900 82620
7729 18
25440 16001 72099 86053 4197 24647 74182 28235 54159 43920 31058 80885 15638 31033 15641 89627 6685 5343
7734 18
41152 95683 25989 70372 108 42257 59922 90738 92277 10068 47672 95387 73853 96541 16254 23806 76638 12479
7737 14
95552 76706 99172 73796 91654 77702 83212 13038 62385 14995 32276 46327 12538 17918
7801 12
74929 64401 34242 64579 8998 53143 52343 42360 67131 9805 92511 66911
7833 19
15040 55296 28929 27970 65603 25955 17284 77924 96292 28263 76171 81100 75439 82706 6455 13335 951 80729 48921
7881 11
94115 50018 47235 8436 95013 30549 40758 30489 27882 69356 29647
7963 10
74147 28370 79522 61205 89191 25831 74649 49736 9705 66573
7967 17
43138 30594 48520 58473 76043 87274 40555 81258 70732 71696 3249 81907 59764 82680 85309 96830 20191
7974 12
36882 26355 74034 76647 46166 88310 59320 27448 26314 20571 45484 46572
8095 15
92161 13218 55875 90214 80424 73611 47435 59218 66163 6228 28981 56953 17722 90909 16669
8098 11
52912 6241 32178 83543 20487 35499 86941 98316 48510 45918 7982
8177 17
86465 27778 41349 18057 61129 87722 12332 19949 68303 15824 62193 12082 72882 37076 34772 30779 42461
8180 12
28946 54818 75155 2533 52039 41992 98201 50585 65147 9612 61325 78188
8211 12
93585 38720 85379 15603 12421 91735 38438 24150 89942 30378 17390 81279
8222 11
89187 98195 5394 63316 40631 56920 32921 96763 45179 52797 80975
8330 15
80067 91846 58250 45963 75340 59117 27438 30160 62001 86200 35579 55804 17885 19806 35551
8388 12
60592 97776 47698 25618 92996 93028 40309 693 65980 73436 70556 5630
8390 18
90497 1030 44742 60519 52167 48266 65036 49743 87760 18962 90866 83316 32568 9561 17788 27709 42303 93150
8582 13
31680 78272 56004 36362 73331 36499 83989 41460 95124 60342 49047 90971 91550
8624 7
13968 43169 26914 3347 16149 95528 61292
8644 14
68386 22724 35464 76680 89898 34444 30861 26767 53074 51062 89846 73627 23452 34877
8659 11
46930 74354 57540 50421 50837 33893 36054 16263 28136 70857 71598
8828 11
73633 98048 3074 8643 60340 20517 2725 60793 54634 54746 32078
8831 11
9652 21173 73255 935 83003 28394 92109 8156 8173 90428 60767
8839 16
62467 61444 4964 48420 66404 76776 17418 73517 13780 15830 79479 80409 24954 25978 11548 25692
8893 9
53488 38000 83218 1543 3751 66601 40824 90842 94973
8912 17
61440 24608 74752 76800 31202 5735 53735 57032 67082 51469 23631 33840 37555 36219 11771 51355 69852
8931 17
51296 99045 95780 46470 85129 68618 56908 9389 30542 48430 44975 19568 5681 79669 14462 14270 73278
8989 19
50402 9571 7459 38628 81799 36422 36103 67915 90827 6476 4882 77555 88693 51990 85112 71547 82394 43675 79068
9002 18
77985 86336 34020 99659 57226 62316 16782 49905 31122 13716 42901 39863 52024 74681 14234 12124 58943 2591
9080 15
62624 95328 27874 36678 50566 62283 22636 71727 25423 65491 10837 82772 61045 34134 88381
9081 15
86117 31591 51304 1161 56624 93266 3001 27930 82682 34619 8893 36605 55774 37630 71966
9096 12
95825 85824 91376 56082 35543 30748 38478 41134 37806 22767 37455 83646
9160 9
86929 31683 3972 73769 96777 4618 97387 8302 32719
9200 15
81025 75076 40998 13319 72874 94798 59635 8628 21877 49335 90870 23736 5786 23611 15517
9227 11
66562 43939 67461 18981 14391 42200 75128 98859 38461 63726 27902
9239 17
6754 65093 56230 34855 55016 97260 73807 93009 78515 25718 12123 35547 24764 86429 6812 52478 75646
9265 9
67953 82736 33298 48707 53397 24823 68331 58858 91487
9285 13
97926 5962 5194 47155 31541 31286 78262 95510 91577 31449 65242 22749 29181
9291 20
53569 18754 67203 31620 98661 28135 43178 49163 66701 61965 77294 55315 90997 21108 85620 18872 26874 6043 70367 28222
9315 10
45363 915 85557 2485 6 32713 13578 57019 96890 66798
9508 17
67267 78213 11493 40741 92230 97289 7592 5450 24235 76912 75059 85016 98168 85823 97151 12510 14879
9548 12
5328 12593 49282 50610 90100 33079 76966 2920 87321 79741 42365 65341
9616 10
16417 17570 1364 7556 75156 99815 41559 26504 86840 78190
9629 17
8705 56195 13258 33547 88717 18160 51633 76914 60819 37812 87028 50041 1721 29531 63036 69054 30591
9647 17
20992 24037 47109 93830 14951 36874 25354 25514 3723 6639 29392 69201 36307 46419 77077 95318 22523
9686 17
65441 67202 98885 92969 29417 12234 1739 3052 19857 67539 18898 65300 89718 91702 4984 58585 66874
9733 14
77857 58337 52738 39173 38374 46377 90923 55530 4715 25678 58005 55543 16989 73503
9751 17
81153 92385 94983 36902 6374 67431 68269 30671 86798 68977 16176 15698 77396 97787 78043 40731 12414
9761 10
54689 74259 61586 91986 55044 97684 3750 28058 91084 97918
9775 15
40064 75873 7553 51106 63112 61448 77427 58834 94834 65172 79094 10071 63160 4152 74620
9795 18
82816 40005 47305 65418 21612 41804 63213 76716 21198 76529 43506 20434 20885 27957 91990 66744 51869 17117
9847 17
76930 49572 86436 40102 34886 42249 83562 31148 67470 25360 37905 85170 11764 83320 90236 96190 51583
9872 10
32420 51849 4537 86685 47501 91580 60493 42558 46559 56111
9960 11
72481 87648 62212 51956 6102 72726 54985 19578 81485 64334 10159
0 12
94192 88544 70546 30723 94356 45608 4346 91997 45948 96767 6990 1599
1 15
4770 54693 51943 32904 26185 13706 36109 64718 30294 89494 88985 43193 75323 4989 94334
2 16
59105 95109 86566 70281 70856 96619 81548 29805 88815 2833 9041 16023 11192 35387 7100 85500
3 8
49233 92770 75988 4982 68679 23414 6008 28715
4 12
89089 7521 14116 88055 50423 75782 7431 39112 16808 84490 3437 24927
5 14
83777 98759 47081 30091 62891 69906 90613 41431 70553 86009 34776 31929 14459 85820
6 14
32000 76192 76032 40065 2535 92011 52588 47182 46 1006 8469 78614 27899 27549
7 16
22656 40419 90821 37092 95812 17095 84296 47086 27984 79184 32082 37266 21142 50744 37050 12603
8 10
55075 29784 82683 9995 44699 28843 47723 16557 26670 71854
9 16
23584 83907 75171 90178 31528 18888 32264 91115 67053 35949 51373 95375 64402 15538 83380 21205
10 10
42576 14256 40578 12532 77591 38822 2967 36199 25447 24649
11 17
67649 70210 4869 77382 74826 82602 29132 58221 36879 97198 38257 83794 73881 46556 27005 51837 87231
12 12
16384 3072 20226 79461 19620 14869 23189 74644 42296 45929 34570 37212
13 15
59458 65060 92709 292 25167 54831 80593 22579 84405 33975 19001 90680 46105 14748 34910
14 14
79169 29824 42278 10793 36842 70476 24976 57106 12947 33620 86966 46235 92796 55357
15 12
8913 17745 23394 29618 2196 83108 12330 1051 17740 59740 21436 97244
16 17
65538 45060 46212 31044 80933 86246 46573 40720 12081 14484 69365 78933 79317 59477 21273 45051 19163
17 11
72496 51970 25571 260 55850 7594 96442 29228 45853 16957 44591
19 17
57153 289 2596 33832 10987 77516 54031 59697 50289 45938 53043 31923 15417 62074 53181 34109 82303
20 15
54112 37314 60514 79689 56269 92494 54544 21904 6642 99671 82710 70902 68344 88220 83263
21 9
81905 3458 68435 35891 26628 47189 12966 49514 64318
22 12
44960 22817 93602 92610 52246 28374 75945 82744 82315 2491 72092 61262
23 13
26113 22914 41636 51430 89639 98955 26317 47054 79922 33589 30360 74428 33117
24 19
480 67938 264 1864 79114 77741 46348 44558 29104 38835 68370 62132 46741 37301 88984 33209 17724 47774 51615
25 11
26816 28562 69060 5898 16523 87786 87370 60620 97951 31263 8959
26 10
21296 18513 55793 57812 38644 89591 79353 31193 28825 33647
27 10
62977 4210 26450 6037 60997 28774 16616 68826 31660 47183
28 14
89282 6372 73030 15591 60398 4431 78067 95507 93781 8020 90587 85083 3516 31037
30 10
18368 38354 2933 20501 56455 60328 77688 8490 79533 82894
31 12
93376 13425 27105 54387 41476 81525 62359 82457 72520 22987 17547 51917
32 9
34352 93731 97929 60474 41228 20014 38606 90270 80734
33 12
79505 16578 68835 69331 37618 34019 21653 52455 14856 65864 30297 92382
34 15
66243 83619 88521 54026 6351 94768 89682 34868 58167 22903 97750 27800 78776 37051 95869
35 10
23008 38402 45746 16035 7718 17816 52920 14697 39949 34846
36 16
99462 26631 38217 35593 77963 59274 30060 19921 18738 46868 25237 89878 63319 95899 78426 43003
37 13
49544 56840 27304 72136 84584 35308 51214 72497 47505 75287 23993 48474 87774
38 15
92416 96167 21768 61902 45134 8915 5620 51190 97654 40183 40728 42521 21305 734 10335
39 9
80241 6160 83488 75554 42324 40361 51883 81581 52877
40 14
54496 74784 54819 36966 2214 71595 18317 72243 67314 2068 56150 35481 10041 32351
41 13
86914 48005 94664 12876 3373 55220 48148 81687 14650 7546 98655 96798 23935
42 13
5504 89954 10211 75269 83940 37126 72038 75467 93173 8725 29654 4919 65467
43 14
54371 5579 17070 76079 85041 1300 34357 28951 84667 40922 39292 80189 12029 84351
44 7
47089 42450 41077 44184 70619 99995 5774
45 18
57568 70497 54179 4932 58149 93604 26758 98282 75469 74095 64975 85937 20500 21814 10583 98809 48669 48991
46 10
70560 17495 74102 60840 1130 91066 2364 49565 10254 96398
47 14
75264 73541 98468 40678 13417 31594 56843 13740 88949 82166 27863 20888 2269 37406
48 11
18532 23765 35013 83383 36919 58936 67080 20457 97064 25194 60186
49 16
11201 54114 88738 35301 85191 50600 91945 99402 88974 3282 81299 26899 40180 70836 26234 79071
50 12
29395 18611 39797 61638 42774 16855 75002 84778 10110 25630 41246 17550
51 15
94821 29380 80425 86536 84968 45737 24139 41132 44207 1232 46326 30233 7612 21756 56863
52 17
79233 47297 58885 82886 81158 58568 36808 69736 18026 83658 81132 97294 97618 27381 42359 99295 66143
54 13
13920 42403 1443 81349 97254 25896 52778 16396 50638 84312 72890 49211 67037
55 17
88101 34149 30150 54182 79878 49673 52714 44334 462 13647 30930 68662 37240 88825 95128 12794 2172
56 13
44576 10723 73709 38063 84270 28047 5487 41616 80656 50165 1975 98966 73146
57 15
65665 51330 15748 14344 64713 8238 86607 61102 8335 4593 45617 73651 94422 28989 38013
58 12
20337 92131 94469 82981 26116 76612 4043 44540 45516 38991 54095 86222
59 11
31296 31042 92948 26167 31352 67259 25403 50747 87610 93898 11293
60 18
70657 82467 52034 59363 49316 40806 94087 28871 83752 56812 46319 5746 17013 5240 69273 72477 8637 48671
62 12
50224 24209 55153 38034 65506 34883 74295 88391 25446 50167 33960 19676
63 17
55968 57221 33416 34920 25965 92940 28879 25008 63248 16242 21716 30165 77140 23223 45240 93113 88126
64 10
71728 49651 13012 25621 11463 96345 63368 60409 67599 60687
65 13
57220 59303 53992 38890 57130 24590 38511 18896 4722 36630 90454 44760 17981
66 14
72416 77667 56934 55593 61868 22348 13197 26607 83824 69045 54391 70205 49758 15998
67 19
96609 3776 8420 97380 29957 70823 38474 10379 80138 43532 78606 23088 53171 13875 19160 17819 56251 66461 43389
68 12
35280 94481 5298 31459 10197 8566 66584 57548 79229 73468 33438 62543
70 10
26928 76432 23731 6291 31812 83527 64567 71576 9993 29436
71 9
74881 62816 75600 48167 75318 65594 6349 39726 85486
73 9
82289 61346 22148 88601 69928 20938 30379 79103 92750
74 12
56128 20945 67280 47298 34196 99556 52742 36552 65769 42042 11804 17935
75 11
80304 45665 90752 92243 43652 65236 72551 28823 43815 22522 28878
76 16
19617 36898 1634 81635 7302 67143 42055 99304 98446 46769 91509 77142 95928 71229 21821 66622
77 14
94272 3940 95141 11143 26220 69743 65743 11920 45201 96432 70261 81909 44790 73982
78 13
54051 17734 5862 51814 43271 7306 53839 53971 74517 12249 25401 14333 6719
80 15
94117 81956 96007 46439 92650 37356 13772 80494 37071 17457 5458 46553 67483 96285 12030
82 17
75523 19844 14052 5893 13415 21704 80234 99404 22224 35441 29937 58931 31572 48886 48471 7065 56986
83 14
65409 80483 96069 17989 43912 41578 83179 31628 68141 85294 13463 20825 72666 28287
84 11
37440 90880 45810 71298 41018 58794 18411 18348 33692 90543 37438
85 16
89512 64587 53643 70641 77360 94608 92115 15863 6616 86169 88729 19037 53981 59997 31742 83166
86 19
62817 41539 62883 42084 92133 49254 36423 7112 10795 99786 96175 40976 25588 47605 7957 85049 16121 72443 43935
87 15
2467 25699 85988 44709 50480 41079 78681 57561 27257 50554 34907 98751 5534 28830 98047
89 18
39105 44708 93351 19047 72941 5836 66447 29904 28626 19252 88628 72340 98228 32438 75415 18455 70486 74429
90 16
95653 1478 23367 95721 40872 37417 37135 84496 72951 83735 30424 64411 47964 65404 74876 52541
91 10
45233 65828 70086 71046 4615 23080 55882 94831 38927 64959
93 13
4096 27779 75812 84902 66888 96941 35757 75406 28596 15573 65081 24351 99230
94 9
55136 20853 30997 87974 63335 77339 50346 10541 49421
95 16
33411 82406 13609 8874 28427 56045 18287 50831 39472 12691 19764 7894 40182 58970 73754 60413
96 8
23281 18674 47636 64405 75670 89929 17801 28444
97 15
38272 89792 68520 23593 58859 47920 82800 51506 7252 245 27478 99357 43486 51358 17919
98 18
73377 6464 55650 13795 63141 96616 26827 42700 46925 4622 64688 91507 70163 72853 13143 6296 74203 12862
99 16
50722 18402 72002 3811 44803 95493 81800 26285 13297 67664 60018 26327 29369 25149 86942 82110
100 12
67697 32900 25238 20998 74537 97288 67960 36106 29372 73596 71020 31311
101 13
40385 58595 43781 18985 69032 78088 25582 32249 70616 95514 77210 20446 16959
102 13
53568 53312 35456 52354 19046 14504 99980 11885 19152 98585 35003 79514 7711
103 9
46225 45409 69443 71029 5350 3032 46425 37898 97035
104 17
44000 99872 40195 10565 29800 91304 1385 25130 25835 4844 465 22166 57272 34586 71482 8094 33150
105 14
48768 45152 24002 68037 78249 26600 64936 52938 10607 95504 86995 44148 55294 94910
106 14
48513 30504 6056 59881 41833 23403 55820 69932 58193 27316 91734 20920 13369 35643
107 13
321 2626 11429 33607 13672 18315 48205 61850 92509 11806 79550 52031 50847
108 10
14480 41571 78709 69831 8632 56137 32057 40746 8220 78876
109 16
6688 10753 31234 78690 44771 14563 1127 99720 83469 36814 80047 28527 36017 6005 53431 73208
110 12
60416 58432 56354 34514 12100 55957 89159 58343 58455 7453 18974 18543
112 14
57312 52160 41284 17832 63369 11114 72141 41452 44301 70867 77268 80378 80573 91132
113 13
2276 16236 90830 35056 54612 42133 77780 30326 68216 49465 9627 75868 93279
114 17
90368 59624 32683 98444 29038 92495 50222 74510 88592 83346 95957 88823 7639 54042 14525 55582 14111
116 10
44003 17924 35172 17844 1333 90103 90934 36649 87578 20463
117 12
77041 67040 5922 47988 77334 1511 70006 77801 25033 84600 60073 650
118 10
68736 64898 30661 25685 10454 53367 12280 82617 35787 38829
119 10
86752 54033 91459 72291 88914 59319 76328 91944 40858 14639
120 9
75472 66258 49381 87492 75512 75355 27146 12429 56191
121 11
43329 33377 82704 70547 55971 74932 7974 49864 11099 51179 19182
123 14
50208 20738 93122 7972 52104 18185 36267 10348 18576 67345 72176 22966 41563 58430
125 18
98081 24320 5506 36357 11494 11431 52647 25834 42699 38475 656 45043 35507 33912 13083 27867 61022 17310
126 12
80097 81361 28788 60661 25398 80486 66217 89595 26235 78172 52847 60367
127 17
58210 20962 59620 94790 77830 61255 38728 18764 36716 57584 39249 38323 10965 53975 11703 9848 18172
128 20
91524 3846 5254 12263 70280 39851 64844 97901 76845 80845 52782 37425 75475 65396 23700 1909 61270 24791 59641 25020
129 16
99552 46338 354 64007 6860 3088 57394 37171 72054 36695 80185 33848 79097 1657 21181 41535
130 11
74051 87349 52276 78772 18406 78198 23705 15660 67453 83421 92828
131 17
93985 6272 72352 34978 24483 10950 39690 72683 79822 71666 34517 46392 76953 28985 10523 85533 56828
132 16
29668 56677 18120 45033 18058 56716 48109 10227 74613 79832 92123 28635 93114 92316 31805 92607
133 18
49987 33861 10438 21351 87782 84646 12199 74057 86155 82122 12428 33453 7565 78260 45686 91673 80314 55070
134 17
95907 88870 5737 16075 41101 19313 47729 47633 403 24980 45846 64887 61847 28793 74298 9886 67647
135 7
35987 3207 54535 59512 92939 29083 30895
136 19
40032 56992 13761 44802 80739 62274 13762 77442 82340 30890 43787 98607 71630 89139 26421 96918 59705 58009 59229
137 9
32272 49521 34194 4851 50676 98244 57414 45131 5902
138 16
19494 19752 59784 71658 38349 90963 26228 82677 9876 89877 46999 3257 96122 89306 32701 1245
139 13
78308 4072 59816 12298 87626 7340 29872 4884 34165 56343 2234 46684 54397
140 14
38144 69001 49928 15021 38510 52046 52687 89909 48853 2293 10582 70493 63228 81310
142 9
69776 41397 52504 25320 72905 27708 44876 29870 70926
143 13
60993 83523 2562 52677 13638 77545 5193 49036 66255 66161 39825 279 12602
144 16
17601 22337 44290 92868 82951 19783 36936 431 5168 66224 68050 81337 48185 98171 82815 51871
145 12
17792 10017 83509 28599 17911 91336 8761 34266 43739 18171 42861 11501
146 18
25537 55777 75714 59044 93095 14602 90250 73002 32080 59664 32433 98354 49939 88980 74324 73303 92092 31293
147 16
55169 63425 85475 22178 25669 19749 35845 53926 37483 37740 52718 94927 14550 77014 88118 10586
148 19
54912 95553 62178 31811 36932 74244 38119 1799 19015 87691 80395 78251 29002 27152 73136 39506 24662 20919 58781
149 14
91683 70882 72293 59973 165 21703 33639 98219 37295 4532 99669 13717 92056 18366
150 13
16000 96450 4579 63625 93103 57972 16788 96729 48953 33273 78811 7834 81884
151 18
79395 38722 8997 80806 88713 51752 32877 96716 45838 4080 90385 65393 71380 71319 52988 3581 51485 7135
152 13
45217 43075 2597 7397 99881 53098 42955 79562 97066 52014 20883 94552 54813
153 8
85745 52612 87655 79354 47900 52957 14383 20927
